.DATE:    1/ 1/2009 Time :00:39:59   FILE :ba.txt
ID:\Spectrum ID
Dwell Time :98µs  Sync Pulse :External  Channel Advance :Internal
CHNLS:2048 RT:  600   HWLT:  600   CRLT:  600
0    0    0    0    0    
0    0    0    0    0    
0    0    0    0    0    
0    0    0    0    0    
0    0    0    0    0    
0    0    0    0    0    
0    0    0    0    0    
0    0    0    0    0    
0    0    0    0    0    
5    6    18    33    64    
97    155    261    404    660    
1258    2221    3916    6697    10384    
14649    19123    24041    29106    33741    
37662    40729    42567    44536    45358    
46406    46149    45780    45436    44301    
43402    42153    40570    38962    37657    
35708    34164    32559    30805    29370    
27376    26003    24374    22917    21482    
20053    18931    17466    15790    14670    
13425    12385    11193    10317    9683    
8691    7948    7245    6701    6116    
5707    5316    4985    4676    4414    
4122    3866    3631    3484    3418    
3169    3208    3130    2984    2835    
2701    2776    2702    2741    2567    
2583    2603    2454    2463    2333    
2444    2349    2286    2317    2248    
2198    2128    2053    2108    2069    
2098    1993    2003    1925    1818    
1807    1835    1727    1687    1736    
1656    1616    1679    1646    1576    
1526    1597    1547    1467    1449    
1368    1447    1410    1393    1379    
1400    1389    1456    1428    1363    
1445    1375    1452    1388    1390    
1454    1386    1376    1466    1489    
1473    1525    1546    1523    1543    
1492    1622    1594    1668    1673    
1716    1670    1804    1824    1851    
1840    1929    1908    1952    2037    
2032    2157    2111    2073    2155    
2186    2185    2211    2266    2348    
2311    2330    2383    2336    2451    
2439    2512    2582    2642    2734    
2621    2740    2809    2845    2819    
2852    2820    3067    3110    3117    
3179    3261    3389    3414    3464    
3556    3695    3638    3681    3810    
3900    3931    4051    3979    4109    
4203    4211    4158    4297    4318    
4374    4250    4271    4310    4349    
4415    4380    4350    4237    4275    
4218    4200    4107    4155    4114    
3984    4003    3922    3904    3808    
3788    3696    3703    3478    3521    
3472    3433    3258    3240    3195    
3168    2971    3074    3018    2840    
2792    2707    2780    2571    2447    
2479    2370    2292    2215    2300    
2119    2114    2046    1921    1974    
1879    1862    1702    1703    1609    
1634    1514    1494    1453    1417    
1331    1310    1228    1257    1151    
1127    1134    1125    1033    997    
942    991    921    884    880    
817    811    838    763    735    
665    728    618    601    612    
566    513    579    528    540    
494    468    435    467    410    
412    401    401    415    327    
317    350    320    295    287    
263    274    258    251    234    
201    252    219    203    177    
210    173    155    150    161    
166    144    146    154    144    
113    132    126    108    114    
112    117    107    100    103    
95    93    79    90    87    
71    87    80    69    75    
79    69    57    79    72    
62    45    56    57    70    
57    51    58    61    39    
41    45    52    58    48    
36    51    52    46    43    
43    26    54    42    41    
50    41    41    39    56    
51    52    65    50    40    
48    37    44    55    40    
49    51    46    50    46    
49    57    50    42    35    
57    51    46    51    51    
51    50    44    51    51    
69    50    55    53    49    
54    41    66    46    60    
58    53    54    60    47    
48    59    41    51    78    
49    48    47    47    50    
53    52    54    56    38    
54    48    50    58    56    
41    40    46    48    56    
45    57    43    53    41    
45    35    44    41    45    
37    50    34    35    32    
46    35    34    30    37    
36    38    36    36    26    
28    31    30    32    30    
46    26    31    32    30    
19    27    23    22    29    
23    19    27    34    18    
26    25    22    25    28    
35    29    23    18    11    
22    28    16    27    24    
14    24    29    26    24    
15    26    16    11    14    
24    22    16    19    21    
14    17    21    15    11    
20    14    18    19    16    
20    14    9    9    19    
11    17    13    14    10    
11    16    11    16    22    
14    15    17    15    17    
13    15    24    17    19    
18    11    11    15    17    
7    19    15    11    8    
16    8    18    13    15    
16    22    14    13    21    
11    12    14    13    14    
6    16    16    14    17    
15    15    18    16    12    
11    13    15    21    13    
10    17    17    9    12    
15    14    10    12    16    
14    8    13    11    15    
7    10    15    15    10    
16    24    13    18    9    
17    10    14    10    7    
12    12    12    15    13    
9    12    11    20    12    
12    8    19    22    14    
13    13    10    16    9    
8    11    16    15    9    
11    9    16    15    9    
16    15    16    19    5    
16    11    4    9    12    
12    14    17    5    7    
12    16    15    12    10    
13    13    9    14    12    
14    11    13    6    10    
7    11    10    8    12    
7    11    10    13    8    
12    4    11    10    7    
8    5    8    12    7    
14    4    6    7    7    
4    6    14    6    9    
7    9    6    8    8    
7    8    9    8    14    
7    17    10    6    10    
8    10    11    7    2    
15    6    4    6    10    
7    6    6    10    12    
6    13    9    12    8    
10    9    5    6    9    
8    12    13    7    13    
6    9    9    11    5    
11    9    10    6    9    
8    12    9    7    8    
6    8    7    9    5    
11    6    7    8    10    
7    10    12    10    9    
12    8    16    10    6    
7    9    11    5    4    
7    8    2    10    3    
7    4    9    4    8    
7    4    10    8    9    
6    5    11    7    9    
10    6    10    6    10    
8    9    11    4    5    
7    10    8    3    4    
5    6    7    6    8    
8    4    5    4    2    
6    12    6    5    5    
5    9    3    7    4    
3    6    2    3    7    
5    4    1    5    2    
5    8    5    7    7    
8    3    12    3    5    
6    6    5    6    5    
5    7    3    2    7    
9    5    2    6    7    
4    3    2    9    3    
6    5    4    5    6    
3    7    9    10    5    
4    5    3    3    4    
13    6    7    9    5    
0    4    4    6    4    
7    6    5    7    8    
10    5    15    7    8    
5    7    5    12    4    
5    6    9    6    7    
7    11    7    4    6    
6    4    8    11    10    
6    4    10    9    7    
4    4    4    11    10    
5    7    8    8    8    
7    7    3    9    13    
3    8    3    4    11    
6    9    13    11    7    
8    9    9    6    4    
11    6    9    8    4    
6    4    9    8    3    
8    10    4    6    2    
7    8    8    9    6    
6    4    9    7    6    
8    8    6    5    5    
3    8    5    3    3    
5    5    6    3    1    
9    6    3    6    5    
8    8    5    7    2    
7    3    2    1    1    
4    7    4    1    6    
5    5    6    6    2    
5    3    3    6    6    
3    5    3    6    5    
5    4    7    6    3    
4    1    3    5    6    
3    4    5    2    2    
6    1    0    3    5    
3    2    1    2    6    
4    4    0    7    5    
4    3    4    2    7    
5    3    0    2    2    
7    1    3    3    1    
3    0    6    0    2    
3    4    6    3    3    
3    4    2    2    4    
5    1    4    1    5    
1    3    2    0    4    
3    2    1    6    1    
2    5    3    2    2    
3    0    2    2    3    
3    2    7    4    1    
3    3    3    2    4    
1    0    3    1    1    
3    4    2    4    3    
4    2    2    0    1    
2    7    1    2    2    
2    1    1    1    4    
3    1    5    0    1    
0    4    1    3    3    
0    3    2    1    2    
3    3    0    0    1    
0    3    1    1    1    
4    1    2    1    1    
1    2    3    4    3    
2    2    1    0    3    
0    1    2    2    0    
0    1    3    4    1    
1    2    1    1    1    
4    2    0    1    1    
1    2    3    1    1    
1    2    1    1    3    
2    1    0    0    0    
0    1    1    0    3    
0    1    3    0    2    
2    2    2    0    0    
1    1    0    4    1    
1    0    1    0    1    
2    0    3    1    0    
0    0    0    2    0    
2    1    0    2    3    
1    1    1    0    0    
4    0    5    0    0    
2    2    0    3    1    
0    0    1    4    2    
0    1    0    1    0    
3    1    2    1    0    
3    1    1    0    1    
2    2    1    2    1    
3    3    2    0    4    
2    1    2    0    1    
1    2    3    1    2    
1    1    0    1    1    
1    0    1    1    3    
2    0    1    1    0    
0    2    0    1    1    
1    1    1    2    2    
2    1    0    2    4    
3    1    4    2    1    
2    1    1    0    1    
1    1    0    0    0    
2    2    3    2    1    
0    4    2    1    1    
0    2    0    1    1    
1    2    3    1    2    
2    2    1    2    1    
0    0    0    2    2    
0    1    3    3    1    
1    1    2    1    0    
0    1    1    0    0    
0    1    3    3    0    
0    1    0    0    2    
1    3    1    0    1    
2    0    2    0    0    
0    3    1    0    0    
1    4    1    0    1    
1    2    0    2    2    
0    0    0    3    2    
1    2    0    0    1    
2    0    2    0    1    
1    5    1    1    1    
1    0    1    2    1    
1    3    0    0    2    
2    1    3    1    0    
2    2    5    1    1    
1    0    1    2    0    
0    1    1    1    0    
0    0    0    1    0    
2    0    2    1    2    
3    0    0    0    2    
0    2    3    1    0    
0    1    1    0    1    
0    0    0    0    1    
0    0    0    0    0    
1    1    0    2    1    
1    1    0    1    2    
0    2    2    2    0    
1    0    1    1    0    
0    1    0    0    0    
0    0    1    0    1    
0    3    2    0    1    
1    1    2    1    0    
0    1    3    2    0    
2    0    2    0    1    
0    1    0    1    2    
0    0    1    0    1    
0    0    1    0    2    
0    0    0    1    0    
1    1    1    1    1    
1    1    1    1    2    
0    2    3    2    0    
0    1    0    1    0    
0    1    1    3    0    
0    1    1    2    0    
1    1    0    0    0    
1    0    1    1    0    
0    1    0    1    2    
0    0    0    0    0    
0    0    1    0    2    
0    0    0    0    0    
0    1    1    0    3    
0    1    0    3    1    
1    1    0    2    1    
0    2    1    0    0    
2    0    1    1    1    
0    0    0    0    1    
3    1    1    1    0    
3    1    1    0    0    
2    0    2    0    2    
0    2    1    3    0    
1    2    4    0    0    
1    1    1    0    2    
1    0    0    1    1    
1    0    0    0    3    
2    3    0    0    0    
2    0    0    1    2    
0    2    0    1    3    
2    0    1    0    2    
1    0    0    1    1    
0    2    1    1    2    
2    1    1    3    0    
0    0    2    1    0    
0    1    1    1    1    
0    0    0    1    2    
1    1    1    2    1    
1    0    3    1    1    
1    0    0    1    1    
0    0    0    1    1    
1    1    0    0    1    
0    1    1    0    2    
0    1    0    1    0    
2    1    0    1    1    
0    0    0    1    2    
1    3    1    0    0    
0    0    0    0    2    
0    1    0    0    0    
0    0    0    0    0    
1    0    0    0    0    
0    2    1    0    0    
0    0    1    0    0    
0    0    0    0    1    
1    1    0    1    0    
0    0    1    0    1    
0    0    0    1    0    
0    1    0    1    0    
0    0    1    0    0    
0    1    0    0    0    
0    1    1    0    2    
0    0    0    0    0    
0    0    0    0    1    
0    1    0    0    1    
0    0    0    0    1    
0    0    2    1    0    
0    0    0    0    0    
0    0    0    0    0    
0    0    0    0    0    
0    0    0    0    0    
0    0    0    0    0    
0    0    0    0    0    
0    0    0    0    0    
0    0    0    