.DATE:    1/ 1/2009 Time :00:51:17   FILE :bg.txt
ID:\Spectrum ID
Dwell Time :98µs  Sync Pulse :External  Channel Advance :Internal
CHNLS:2048 RT:  600   HWLT:  600   CRLT:  600
0    0    0    0    0    
0    0    0    0    0    
0    0    0    0    0    
0    0    0    0    0    
0    0    0    0    0    
0    0    0    0    0    
0    0    0    0    0    
0    0    0    0    0    
0    0    0    0    0    
1    6    8    36    62    
124    142    232    334    576    
1011    1913    3328    5430    8193    
11667    15196    18822    22809    26364    
29673    31982    34038    35594    36377    
36841    37392    37014    36203    35758    
34731    33877    32879    31334    30382    
28859    27424    26086    24848    23306    
21966    20642    19354    18050    16529    
15167    13919    12872    11495    10203    
9179    8109    7179    6381    5523    
4894    4199    3707    3145    2706    
2479    2011    1695    1550    1302    
1174    1009    843    815    668    
635    609    554    561    525    
516    520    506    510    468    
482    499    483    514    454    
511    489    484    443    440    
466    423    407    403    388    
386    364    344    347    337    
369    334    305    316    340    
295    285    283    287    279    
279    284    289    297    274    
294    230    252    283    246    
238    239    253    244    263    
195    247    265    226    235    
246    230    228    205    203    
219    229    219    214    184    
193    209    178    182    177    
190    187    214    196    167    
200    196    171    158    196    
168    190    165    181    171    
179    161    149    155    164    
161    158    138    160    163    
170    153    146    134    143    
121    144    121    131    139    
145    124    124    122    129    
130    132    136    135    145    
120    113    122    110    104    
112    120    106    110    115    
98    96    107    114    90    
110    103    110    102    109    
104    101    90    94    87    
110    96    104    83    106    
95    91    79    83    71    
88    91    86    94    81    
85    84    96    88    77    
68    78    75    66    68    
92    81    69    81    61    
70    61    79    75    65    
61    83    76    64    66    
76    75    68    63    75    
57    82    69    58    75    
62    56    62    58    64    
65    50    65    48    63    
71    66    56    62    60    
63    56    69    50    41    
63    44    59    58    50    
53    52    58    48    36    
41    47    41    56    55    
55    49    52    49    57    
41    63    57    55    46    
44    57    43    48    55    
47    61    40    38    50    
42    30    40    42    43    
37    62    60    42    44    
36    52    36    42    30    
36    36    42    39    46    
49    35    31    37    33    
45    36    38    39    34    
30    46    41    38    32    
37    23    44    38    37    
39    43    32    38    39    
26    29    33    42    27    
40    43    32    32    29    
35    27    29    44    43    
29    36    32    37    34    
35    27    34    27    27    
40    40    37    35    24    
36    42    47    50    39    
43    39    46    41    46    
49    46    40    47    38    
45    52    33    50    44    
56    50    60    50    55    
44    34    51    46    37    
43    52    50    44    55    
49    54    59    43    41    
51    51    48    42    64    
67    45    60    33    38    
44    46    37    42    47    
48    47    35    37    50    
38    48    31    47    35    
40    42    37    39    38    
43    43    32    31    35    
33    29    36    29    31    
28    25    27    39    31    
28    33    45    33    30    
26    32    31    23    30    
37    20    23    23    22    
20    24    15    28    22    
20    25    21    18    24    
26    29    27    18    20    
20    19    20    19    27    
12    15    25    23    25    
14    15    17    18    17    
12    12    13    21    16    
20    18    24    16    17    
18    20    22    22    18    
16    10    20    14    12    
8    21    14    13    15    
15    9    14    23    13    
20    18    16    14    16    
11    13    14    10    15    
14    17    12    11    10    
15    19    16    19    10    
13    23    12    18    15    
18    11    8    15    10    
13    14    11    13    14    
15    11    14    19    11    
19    10    17    10    15    
5    15    11    23    7    
10    10    21    16    14    
10    16    9    6    13    
11    13    16    14    13    
10    10    13    12    13    
11    19    15    8    12    
10    20    18    15    12    
14    11    9    7    12    
14    13    8    13    14    
8    15    9    12    13    
13    10    9    10    10    
18    15    8    11    12    
17    12    12    13    9    
12    12    14    12    15    
18    8    14    10    9    
14    15    15    11    9    
5    12    10    12    15    
11    11    12    10    5    
10    7    10    6    11    
7    9    8    8    15    
7    4    6    9    18    
15    8    11    8    7    
14    10    9    5    9    
6    8    15    8    14    
11    12    7    4    5    
11    14    16    5    12    
13    7    12    15    7    
3    5    7    14    10    
16    11    6    14    7    
15    9    9    6    7    
11    14    16    15    5    
10    4    4    11    4    
8    9    5    11    6    
8    12    7    8    4    
7    12    6    12    11    
8    7    8    8    10    
12    13    11    6    11    
7    10    6    3    9    
11    10    3    15    11    
10    6    12    10    5    
8    5    7    10    5    
16    8    5    9    6    
15    11    11    6    2    
9    8    8    2    8    
8    11    10    6    8    
8    11    8    12    8    
9    8    4    4    4    
4    6    9    3    5    
6    5    2    10    11    
2    9    11    12    5    
4    6    4    5    6    
8    5    2    7    1    
10    4    4    7    10    
8    5    7    6    3    
5    4    5    6    6    
8    7    6    5    5    
5    11    6    6    8    
4    9    5    8    2    
5    2    6    5    9    
3    8    2    5    5    
5    2    5    6    2    
5    10    2    5    9    
9    8    4    3    4    
8    4    7    3    4    
1    3    5    4    8    
6    4    3    5    8    
3    5    2    6    9    
6    9    5    4    5    
6    9    5    2    4    
5    3    4    7    4    
8    7    8    6    5    
4    3    6    8    6    
9    7    7    11    13    
9    7    7    5    8    
13    5    8    10    4    
4    7    9    6    8    
6    12    8    8    8    
7    8    10    8    4    
9    7    11    9    9    
9    1    7    3    6    
14    14    8    9    3    
8    6    7    13    8    
12    9    11    13    9    
2    11    8    9    6    
6    6    10    11    6    
9    2    7    6    7    
11    3    3    4    9    
7    7    6    7    6    
4    10    9    5    6    
6    4    4    7    8    
8    2    8    6    5    
4    7    4    2    8    
3    6    13    3    5    
5    5    7    0    7    
4    7    3    4    4    
1    0    5    2    1    
5    6    4    3    2    
2    3    3    5    4    
3    4    6    3    0    
2    0    1    3    4    
4    3    5    2    6    
2    5    3    5    0    
6    3    5    4    4    
7    7    5    2    3    
2    3    4    0    1    
3    2    4    1    4    
2    4    2    3    4    
0    1    2    2    3    
5    2    2    3    3    
2    3    5    2    3    
2    2    4    0    6    
1    2    0    3    3    
1    3    1    2    4    
1    2    2    1    1    
0    4    3    0    1    
2    0    7    1    3    
2    2    5    1    1    
3    3    5    3    4    
1    3    2    0    1    
1    1    0    1    1    
3    2    4    1    1    
4    1    3    1    6    
2    0    1    4    2    
2    0    1    4    0    
1    1    2    2    0    
3    2    0    0    2    
1    2    0    1    0    
2    3    3    0    3    
1    4    2    0    0    
0    0    0    2    4    
2    2    1    1    1    
1    1    4    3    1    
1    2    0    3    2    
2    1    0    2    0    
1    3    1    2    1    
2    1    1    2    2    
0    1    3    2    2    
1    3    2    2    2    
2    1    1    0    2    
0    1    2    0    1    
0    1    1    1    1    
2    1    0    0    0    
1    5    2    2    1    
0    0    1    0    1    
2    1    2    0    1    
2    0    1    2    1    
2    3    1    2    5    
0    1    0    0    2    
0    0    1    1    1    
0    1    1    0    0    
1    0    3    1    1    
1    2    2    0    3    
1    2    0    0    1    
0    3    2    2    0    
2    1    0    2    1    
1    1    1    2    0    
1    0    2    3    0    
3    1    2    1    1    
3    1    1    1    1    
1    2    1    2    2    
1    1    1    0    0    
1    2    1    0    0    
0    1    1    2    1    
1    3    1    1    4    
1    1    4    0    2    
0    1    2    1    0    
0    2    1    0    1    
2    1    1    2    1    
0    0    1    3    0    
1    0    4    0    1    
5    0    3    2    1    
0    2    1    0    1    
0    2    1    1    1    
1    1    2    1    0    
0    1    1    0    2    
0    2    1    0    3    
2    1    0    1    3    
1    0    1    2    1    
0    2    2    0    2    
0    2    2    1    0    
1    3    3    1    0    
1    0    0    0    1    
3    1    1    2    0    
1    1    1    2    1    
4    4    1    4    1    
1    0    0    1    2    
1    1    0    1    5    
0    1    1    2    0    
3    1    2    0    0    
0    0    1    0    1    
2    1    1    2    0    
1    2    1    1    0    
1    1    1    0    0    
0    1    0    1    1    
3    1    1    0    2    
0    0    0    1    1    
1    1    1    1    1    
0    1    2    2    0    
4    2    0    0    2    
3    0    0    2    1    
0    0    0    1    2    
0    0    0    3    1    
1    1    0    1    0    
0    0    1    0    1    
0    1    1    0    1    
1    2    1    0    1    
0    1    0    1    0    
0    0    2    1    1    
1    1    2    1    1    
1    1    0    0    1    
0    2    0    1    0    
1    1    0    1    0    
1    3    0    2    0    
1    0    0    1    1    
1    1    1    0    0    
0    2    0    0    0    
0    0    1    2    1    
1    1    0    1    3    
1    0    0    1    0    
1    1    0    1    1    
0    4    2    0    0    
1    3    0    0    1    
0    1    0    0    2    
1    3    0    0    1    
1    0    0    2    1    
1    1    2    2    2    
0    0    0    2    0    
0    0    0    3    2    
0    0    1    1    2    
0    1    2    1    0    
2    0    0    1    1    
0    1    0    2    0    
1    2    2    0    2    
1    1    0    0    0    
0    0    0    0    1    
1    0    0    1    1    
3    1    0    0    1    
0    2    1    0    2    
0    1    3    1    1    
2    1    0    0    2    
1    2    1    0    2    
0    1    1    1    1    
2    1    0    0    0    
2    0    1    1    1    
0    1    1    1    1    
0    0    1    0    1    
2    0    0    0    2    
1    0    1    2    0    
0    0    1    3    1    
2    0    1    0    2    
1    1    1    0    0    
0    1    0    0    2    
0    0    3    2    0    
0    0    2    1    0    
0    0    0    1    1    
0    0    0    1    0    
0    1    0    0    0    
1    0    0    0    0    
0    0    0    0    0    
0    1    0    2    0    
0    0    1    0    0    
0    0    1    0    0    
0    0    0    0    0    
0    1    1    0    0    
0    0    0    1    2    
0    0    0    0    0    
0    0    0    0    0    
0    0    0    0    0    
0    0    1    0    0    
0    0    0    0    0    
0    0    0    0    0    
0    0    0    0    0    
0    0    1    0    0    
0    0    1    0    0    
0    0    0    0    0    
0    0    0    0    0    
0    0    0    0    0    
0    0    0    0    0    
0    0    0    0    0    
0    0    0    0    0    
0    0    0    