.DATE:    1/ 1/2009 Time :00:12:58   FILE :co.txt
ID:\Spectrum ID
Dwell Time :0µs  Sync Pulse :Internal  Channel Advance :Internal
CHNLS:2048 RT:  600   HWLT:  600   CRLT:  600
0    0    0    0    0    
0    0    0    0    0    
0    0    0    0    0    
0    0    0    0    0    
0    0    0    0    0    
0    0    1    1    0    
1    0    0    0    0    
2    0    0    0    2    
0    1    0    0    1    
0    0    1    0    1    
5    6    9    16    17    
35    58    118    259    352    
581    739    949    1089    1220    
1486    1488    1534    1616    1644    
1676    1646    1735    1745    1819    
1816    1793    1849    1872    1834    
1851    1909    1853    1849    1961    
1905    1978    1894    1997    1995    
1892    2035    1968    2010    1866    
1998    1983    2029    1988    2000    
1972    2038    1948    2050    2041    
1928    1931    2051    1995    1972    
2037    2044    2077    1986    2169    
2102    1986    2088    2196    2149    
2204    2181    2273    2221    2274    
2326    2156    2192    2244    2304    
2320    2256    2327    2262    2279    
2287    2383    2374    2378    2501    
2444    2410    2433    2554    2519    
2521    2412    2536    2616    2476    
2532    2573    2500    2531    2532    
2529    2596    2497    2555    2504    
2523    2543    2496    2500    2530    
2448    2577    2587    2473    2485    
2466    2601    2451    2388    2362    
2368    2338    2415    2271    2282    
2371    2315    2266    2229    2229    
2211    2123    1998    2081    2003    
2082    1910    1967    1834    1919    
1923    1852    1832    1821    1768    
1689    1667    1669    1625    1639    
1549    1588    1581    1523    1521    
1450    1502    1410    1418    1413    
1364    1361    1381    1335    1339    
1274    1240    1264    1279    1186    
1197    1172    1198    1175    1193    
1173    1133    1114    1183    1101    
1069    1048    1086    1119    1008    
1025    986    998    1025    1054    
977    965    963    958    895    
895    902    876    920    897    
890    883    870    859    860    
852    841    857    858    846    
843    857    814    824    861    
808    861    823    862    779    
862    773    808    808    739    
797    788    738    772    779    
777    767    772    762    740    
693    750    795    729    777    
778    759    739    713    729    
697    711    727    712    745    
705    735    699    752    658    
764    710    687    703    711    
747    706    691    693    668    
675    673    661    691    653    
645    676    753    672    672    
685    695    690    702    707    
690    658    670    640    685    
668    612    670    636    654    
647    679    691    643    630    
636    674    643    656    652    
595    654    648    628    674    
671    609    654    654    695    
671    583    641    650    635    
664    661    666    652    647    
630    659    627    659    638    
678    626    651    630    641    
664    642    624    680    604    
698    674    627    660    646    
587    576    644    658    629    
602    630    573    624    618    
637    627    621    656    670    
626    633    610    654    625    
639    627    608    606    668    
638    632    661    624    609    
589    613    606    610    607    
634    633    658    644    646    
667    654    638    589    675    
651    643    658    591    597    
633    637    614    655    670    
611    687    642    614    623    
682    622    638    682    687    
655    675    682    684    655    
645    634    674    658    652    
657    739    692    677    680    
643    675    659    735    670    
665    673    695    706    704    
735    655    736    662    690    
706    653    672    655    644    
657    659    684    665    647    
647    690    685    654    640    
628    708    654    688    652    
684    653    668    680    623    
686    626    675    668    685    
640    655    675    627    633    
669    667    675    660    708    
631    667    660    705    678    
651    659    675    655    675    
695    658    676    705    670    
672    709    634    677    632    
711    703    664    676    699    
662    654    668    658    676    
707    733    712    670    699    
706    695    683    733    725    
673    705    681    733    739    
677    733    674    667    662    
726    718    735    719    708    
701    702    710    701    683    
717    722    689    765    729    
672    740    756    705    708    
720    728    767    754    747    
757    758    763    776    703    
723    724    762    769    781    
757    753    748    781    746    
749    810    782    761    749    
716    768    764    734    737    
750    789    733    728    759    
815    735    774    786    790    
779    801    736    727    804    
758    776    740    743    733    
771    768    731    731    734    
696    695    761    753    711    
729    683    691    701    710    
693    641    711    627    670    
624    649    619    633    692    
654    665    668    609    666    
623    646    614    610    616    
594    628    571    590    582    
559    606    596    559    581    
561    578    571    555    560    
599    544    525    527    573    
547    560    566    548    527    
524    518    568    585    512    
565    509    560    514    520    
539    532    552    479    543    
514    520    553    520    512    
522    497    524    536    506    
493    524    496    513    503    
470    490    484    494    461    
497    511    488    509    498    
508    505    476    496    468    
495    489    504    526    484    
486    491    492    509    543    
479    519    484    495    491    
529    522    489    484    523    
496    522    528    515    553    
511    563    555    590    635    
640    628    624    648    653    
646    694    676    691    726    
745    720    807    755    795    
874    855    877    900    871    
918    959    930    924    1014    
985    991    997    1020    984    
1017    1069    1123    1093    1114    
1061    1071    1100    1168    1138    
1125    1100    1167    1134    1152    
1210    1132    1162    1089    1128    
1119    1110    1192    1091    1126    
1069    1106    1025    1033    1022    
1067    1032    1051    929    979    
1024    943    917    892    940    
958    908    883    902    863    
841    861    773    866    788    
741    744    707    753    751    
749    694    675    622    680    
647    667    666    649    645    
608    587    635    593    631    
599    561    604    586    627    
562    569    652    608    631    
599    661    628    615    622    
626    686    653    667    681    
672    676    698    718    708    
729    720    722    760    737    
759    746    758    809    822    
794    852    846    880    846    
886    864    821    891    878    
874    900    887    898    860    
870    927    930    918    938    
955    897    911    922    953    
950    882    942    887    865    
898    871    835    899    881    
866    872    873    828    835    
825    771    784    784    794    
763    760    719    750    701    
709    649    648    693    682    
673    621    635    597    601    
595    547    545    530    545    
484    511    515    458    489    
395    462    417    395    393    
389    398    393    391    361    
331    346    332    323    303    
310    310    299    300    242    
259    263    289    234    245    
237    231    234    228    224    
229    202    215    211    194    
197    189    186    187    186    
195    159    183    169    162    
157    148    161    155    145    
139    156    138    142    159    
128    128    142    145    148    
138    122    124    134    132    
140    123    116    125    111    
113    113    127    99    85    
122    104    92    114    107    
114    112    95    97    90    
104    112    94    95    103    
103    102    101    109    87    
107    97    94    90    82    
97    102    87    96    93    
83    76    82    79    88    
91    82    85    84    104    
77    92    60    96    74    
71    73    84    78    83    
63    67    56    74    58    
73    59    61    73    73    
65    63    69    59    58    
61    42    66    56    64    
65    71    61    37    62    
68    67    67    65    58    
52    51    52    63    47    
41    48    41    62    44    
65    50    43    33    48    
33    44    61    49    38    
46    38    40    39    44    
38    38    50    31    33    
46    44    43    31    32    
51    37    39    40    36    
27    39    43    34    38    
38    56    40    35    40    
39    31    29    24    34    
36    38    34    33    33    
42    33    44    43    38    
34    27    44    34    40    
34    31    40    47    35    
29    33    43    35    41    
34    38    26    34    31    
35    26    41    30    31    
28    41    33    32    25    
28    43    27    37    34    
36    27    38    31    36    
29    43    35    44    33    
34    32    29    36    42    
35    37    35    34    28    
41    30    21    40    28    
36    33    26    33    34    
42    31    39    29    24    
27    33    29    34    33    
31    28    35    25    31    
38    34    31    26    30    
32    41    32    24    29    
35    34    33    42    29    
34    27    18    40    22    
26    34    31    32    26    
30    20    31    23    36    
31    25    34    29    32    
23    41    22    28    23    
25    38    33    37    26    
26    34    30    34    28    
27    24    31    46    28    
27    34    24    27    32    
33    25    25    18    22    
29    30    25    39    25    
26    34    34    24    42    
26    28    28    17    25    
28    24    31    27    28    
30    27    36    30    28    
19    20    25    27    34    
37    20    33    31    29    
21    30    22    28    24    
28    28    22    32    21    
28    35    29    25    30    
21    38    30    27    32    
24    26    24    27    30    
34    33    28    31    23    
27    25    21    29    21    
29    33    24    31    31    
27    29    19    27    28    
23    32    29    28    16    
32    17    27    27    24    
19    30    22    22    23    
25    33    28    33    28    
24    14    33    29    26    
29    32    18    26    21    
21    26    32    24    29    
27    24    32    26    25    
24    27    18    21    17    
24    23    20    27    27    
21    26    15    20    28    
22    23    34    28    21    
21    30    23    34    26    
21    21    19    18    28    
20    27    26    29    35    
27    22    33    18    30    
20    24    22    30    27    
22    36    27    23    31    
28    25    19    26    21    
33    27    23    21    27    
23    30    20    32    22    
19    40    26    37    26    
26    32    25    29    30    
26    23    27    33    31    
25    19    25    35    39    
16    21    32    31    32    
33    22    23    21    26    
19    25    33    23    20    
22    26    21    24    19    
28    29    28    19    16    
25    20    28    19    23    
26    23    23    18    7    
25    26    18    20    14    
15    19    22    17    14    
13    13    19    22    17    
16    17    17    18    20    
10    10    14    10    18    
15    18    16    13    16    
20    17    16    16    13    
16    19    13    13    11    
23    12    13    13    8    
17    8    13    4    14    
7    8    8    8    12    
14    12    7    12    8    
7    7    10    12    13    
13    10    17    11    9    
11    8    12    12    9    
14    19    11    6    12    
7    13    11    8    8    
7    12    10    12    7    
11    8    14    11    15    
4    9    7    6    13    
15    17    18    7    19    
14    23    8    16    13    
15    9    12    17    15    
17    11    16    16    19    
16    18    20    20    25    
21    17    21    16    14    
9    12    17    13    13    
22    18    18    10    19    
14    23    13    24    17    
29    29    20    23    19    
16    19    22    20    18    
19    21    20    22    21    
20    14    19    28    22    
11    26    18    19    21    
28    31    23    26    19    
5    21    15    25    23    
19    23    18    20    28    
27    23    21    18    17    
22    27    13    17    25    
17    21    9    20    21    
11    16    11    14    21    
13    10    24    16    12    
19    15    18    13    9    
15    17    18    13    15    
21    9    14    12    14    
9    6    11    10    11    
9    11    15    12    10    
15    6    5    10    14    
19    9    13    5    12    
11    9    7    9    10    
16    11    3    9    12    
3    11    9    5    5    
7    6    3    12    12    
4    11    9    9    9    
9    8    6    7    8    
3    5    8    4    6    
5    7    1    0    5    
4    6    3    2    3    
8    4    3    4    7    
4    3    1    3    5    
9    6    5    6    7    
5    2    4    2    1    
3    5    1    1    3    
3    3    3    3    7    
3    4    3    2    0    
2    1    5    4    3    
1    4    2    1    2    
2    0    4    1    0    
1    6    1    4    1    
3    1    1    1    0    
1    1    1    1    2    
2    1    1    4    1    
0    0    2    2    1    
1    1    1    1    0    
1    1    1    3    2    
0    0    0    1    1    
1    1    2    0    2    
1    1    0    2    0    
1    0    0    2    1    
1    1    1    2    0    
3    0    2    0    1    
0    0    0    1    0    
1    1    0    0    0    
2    0    1    0    2    
0    0    0    0    0    
0    0    0    0    0    
0    0    0    0    0    
0    0    0    0    0    
0    0    0    0    0    
0    0    0    0    0    
0    0    0    