.DATE:    1/ 1/2009 Time :00:27:01   FILE :cs.txt
ID:\Spectrum ID
Dwell Time :0µs  Sync Pulse :Internal  Channel Advance :Internal
CHNLS:2048 RT:  600   HWLT:  600   CRLT:  600
0    0    0    0    0    
0    0    0    0    0    
0    0    0    0    0    
0    0    0    0    0    
0    0    0    0    0    
0    0    0    0    0    
0    0    0    0    0    
0    0    0    0    0    
0    0    0    1    0    
2    7    24    35    68    
87    173    216    328    577    
978    1873    3296    5849    8960    
12938    16724    20948    25154    29006    
32717    35466    37380    39317    40148    
41230    41708    41593    41583    41120    
40424    39585    38582    37662    36399    
35231    34361    32912    31853    30765    
29595    28366    27315    26270    25182    
23976    23066    21977    21029    20247    
19583    18849    18236    17403    17042    
16619    16523    15649    15538    14878    
15071    14756    14679    14505    14369    
14279    14393    14363    14303    14522    
14471    14453    14621    14570    14885    
14989    15055    15114    15061    15193    
15304    15383    15488    15353    15564    
15328    15313    15501    15504    15334    
15361    15557    15481    15311    15336    
15287    15230    15388    15064    15041    
14930    14931    14952    14668    14727    
14585    14525    14565    14077    14209    
14009    13873    14043    13918    13664    
13625    13846    13351    13411    13241    
12919    13104    12831    12786    12750    
12433    12495    12360    12277    12134    
11996    11955    11958    11711    11522    
11657    11366    11399    11338    11042    
11208    11005    11015    10758    10754    
10698    10585    10583    10364    10365    
10456    10337    10280    10006    10040    
10004    9936    9848    9771    9734    
9729    9859    9719    9582    9457    
9532    9311    9454    9427    9447    
9325    9340    9293    9019    8936    
9142    9038    9238    9015    9084    
9185    8927    8893    8860    8857    
8772    8830    8991    8749    8759    
8723    8757    8726    8695    8708    
8691    8609    8628    8671    8659    
8763    8620    8584    8609    8506    
8571    8618    8688    8426    8573    
8570    8510    8749    8596    8613    
8632    8644    8544    8671    8617    
8447    8558    8522    8522    8627    
8507    8585    8554    8406    8669    
8655    8577    8726    8588    8460    
8437    8624    8495    8498    8495    
8629    8558    8584    8669    8495    
8660    8722    8540    8546    8499    
8271    8403    8554    8300    8351    
8241    8183    8152    8235    8097    
8128    7958    7768    7791    7750    
7706    7585    7568    7493    7379    
7521    7012    7131    7066    6833    
6672    6885    6560    6709    6321    
6318    6146    6407    6047    5769    
5718    5767    5542    5499    5289    
5306    5196    4940    4967    4901    
4958    4627    4617    4590    4417    
4387    4262    4086    4118    3971    
4011    3665    3691    3639    3543    
3496    3344    3359    3240    3306    
3071    3125    3113    3011    2900    
2945    2829    2814    2664    2710    
2668    2621    2561    2523    2619    
2465    2394    2445    2429    2406    
2355    2359    2272    2354    2265    
2332    2404    2371    2342    2424    
2428    2425    2504    2572    2471    
2546    2566    2697    2676    2776    
2899    2981    3038    3135    3326    
3290    3432    3547    3770    4032    
4044    4261    4432    4612    5011    
4978    5350    5405    5792    6021    
6522    6786    7218    7509    7722    
8450    8813    9016    9504    9878    
10486    10741    11338    11872    12533    
13144    13697    13850    14595    15180    
15749    16289    16907    17356    18092    
18677    19024    19634    20128    20649    
21046    21614    22134    22505    22985    
23636    23936    24316    24499    24549    
25303    25561    25560    26006    26137    
26145    26232    26323    26343    26503    
26319    26279    26305    26181    26005    
26142    25919    25612    25435    25273    
24923    24682    24258    24030    23685    
23379    23041    22604    22222    21594    
21199    21049    20786    19877    19743    
19288    18800    18569    17735    17274    
17176    16533    16001    15789    15339    
14716    14550    14009    13407    13046    
12833    12443    12095    11549    11098    
10640    10537    10186    9739    9502    
9132    8788    8739    8242    8025    
7655    7564    7176    6891    6785    
6488    6367    6118    5739    5740    
5493    5289    5074    4946    4879    
4655    4553    4292    4260    4032    
3866    3802    3585    3510    3280    
3272    3165    3107    2879    2859    
2690    2551    2436    2503    2336    
2227    2133    2122    1996    1994    
1865    1820    1739    1696    1573    
1567    1500    1447    1363    1327    
1326    1246    1188    1139    1004    
1012    1048    1024    941    945    
878    784    748    738    775    
704    648    621    658    655    
628    603    552    534    496    
479    476    466    450    425    
435    427    386    399    366    
327    321    336    316    315    
318    296    262    248    267    
242    239    224    265    237    
237    235    247    211    189    
193    184    183    186    188    
191    169    171    176    155    
183    152    150    128    173    
144    141    132    157    147    
164    133    147    114    126    
134    139    126    138    129    
119    138    128    139    138    
122    118    133    127    109    
122    119    138    120    124    
141    120    119    133    111    
124    102    127    102    125    
116    104    130    126    117    
120    123    100    105    117    
106    110    106    108    111    
113    121    85    106    110    
91    89    109    96    102    
102    105    75    95    87    
105    107    80    102    82    
102    93    85    103    94    
98    63    94    98    88    
97    85    80    75    89    
73    83    82    95    97    
68    88    80    74    78    
76    78    88    77    74    
71    76    73    85    77    
73    73    102    85    82    
81    78    58    78    78    
83    72    80    72    70    
80    72    62    59    77    
75    79    58    71    67    
76    62    79    62    59    
52    68    57    74    73    
64    62    73    44    72    
64    69    75    59    49    
80    61    61    54    65    
54    60    70    65    51    
56    55    54    52    50    
59    64    52    52    54    
41    53    56    51    59    
60    44    44    46    52    
54    54    47    58    55    
53    49    45    50    41    
42    31    52    58    44    
54    41    29    50    34    
45    49    55    46    41    
36    49    39    40    44    
37    40    41    37    39    
41    38    51    33    44    
41    36    40    50    44    
39    37    36    46    52    
39    53    46    48    44    
45    37    38    35    47    
53    45    52    36    52    
46    47    39    40    34    
54    45    39    44    35    
46    29    38    41    40    
38    50    52    44    46    
54    38    60    44    47    
37    43    44    45    46    
50    39    40    43    42    
45    49    48    41    49    
31    37    37    32    32    
37    40    38    48    40    
31    35    34    55    44    
35    38    38    32    37    
39    35    40    29    34    
33    21    33    30    37    
21    34    29    34    30    
29    27    29    26    30    
37    29    23    18    28    
17    17    21    25    22    
19    21    19    18    21    
17    25    10    20    19    
15    15    27    17    12    
21    19    21    14    21    
20    23    18    16    17    
19    11    14    15    19    
20    16    14    13    19    
16    10    13    13    26    
10    11    12    9    8    
7    18    17    9    16    
8    11    12    10    16    
17    12    5    10    5    
11    6    12    11    11    
8    8    10    10    9    
9    9    9    5    9    
8    9    6    6    5    
9    7    9    6    6    
7    7    9    6    9    
4    5    8    10    4    
4    8    4    6    8    
6    3    3    7    3    
8    3    6    4    7    
7    8    4    3    10    
7    3    6    6    2    
3    3    8    8    5    
4    5    5    4    9    
3    4    3    7    5    
8    7    5    11    5    
1    1    1    2    4    
0    3    1    2    4    
2    4    8    3    1    
4    5    0    3    6    
10    2    6    5    1    
4    1    1    5    1    
4    2    1    3    10    
3    2    3    4    4    
3    3    2    3    4    
2    4    3    4    2    
1    3    2    1    2    
2    7    4    2    3    
1    2    5    1    1    
0    2    2    4    5    
4    0    3    1    5    
1    3    0    3    1    
3    0    1    2    4    
1    2    4    3    2    
1    0    1    4    4    
3    2    5    3    0    
1    3    2    3    2    
2    1    0    1    3    
2    4    2    2    2    
0    0    0    4    1    
1    0    3    0    3    
4    3    1    2    1    
2    1    1    0    1    
1    3    1    0    1    
1    5    2    0    3    
3    0    2    0    2    
2    1    3    4    0    
2    4    4    1    0    
2    2    0    0    1    
1    0    3    2    2    
4    0    1    3    1    
2    1    2    2    1    
0    0    1    0    0    
1    3    2    1    0    
2    0    0    2    1    
3    2    2    4    3    
0    2    0    2    2    
3    1    1    0    1    
0    0    0    1    2    
2    3    4    1    1    
4    1    1    2    1    
3    0    0    1    2    
2    1    1    1    2    
2    3    1    2    3    
1    2    1    3    0    
2    1    1    1    0    
1    2    1    1    1    
0    1    1    0    1    
1    2    1    2    0    
2    1    1    1    1    
0    1    0    2    2    
2    1    2    1    0    
0    1    3    2    2    
1    0    0    1    3    
3    2    1    0    3    
2    2    1    1    2    
1    4    0    0    0    
1    1    1    0    3    
0    2    2    4    0    
1    2    0    4    1    
3    1    2    0    0    
2    2    1    0    2    
2    2    2    0    1    
3    2    0    2    1    
1    1    2    0    2    
1    1    1    3    0    
1    1    3    1    1    
2    0    1    2    2    
3    2    0    1    4    
0    0    2    2    3    
1    1    1    0    0    
2    3    0    0    1    
0    0    1    0    0    
1    0    1    1    0    
0    3    1    1    0    
0    0    2    2    1    
2    1    0    2    1    
3    4    0    2    1    
0    0    1    0    1    
0    0    1    0    1    
2    2    2    2    1    
2    0    0    0    1    
1    6    3    1    0    
0    0    1    2    3    
3    1    0    0    1    
1    1    0    4    1    
1    0    2    2    0    
2    0    1    0    1    
2    1    1    1    2    
0    0    1    2    2    
2    0    1    1    1    
3    2    0    0    2    
0    0    3    1    1    
1    2    0    1    0    
2    0    0    1    0    
0    0    1    0    2    
1    0    1    1    1    
2    0    1    0    1    
1    3    0    1    0    
1    1    2    1    0    
0    2    0    0    3    
0    0    3    0    1    
0    0    1    1    0    
0    2    3    1    0    
2    1    0    2    1    
0    0    1    2    1    
0    0    0    1    2    
1    0    1    1    0    
1    1    2    2    1    
1    0    0    0    0    
0    0    0    0    1    
0    1    1    0    0    
1    1    0    0    0    
1    2    0    1    0    
1    1    0    1    2    
1    0    0    3    0    
1    2    1    0    1    
0    0    1    0    1    
0    2    1    0    1    
0    0    0    0    0    
2    1    1    0    1    
1    2    2    0    0    
0    3    2    1    1    
0    0    0    1    1    
1    1    1    1    0    
2    1    1    0    1    
1    1    1    0    1    
2    1    3    2    0    
2    2    1    1    0    
0    1    2    0    0    
0    1    0    3    1    
1    1    1    1    2    
1    0    0    1    1    
0    0    1    3    1    
1    0    0    0    1    
1    0    0    1    2    
1    0    1    0    1    
1    0    0    0    0    
2    2    2    1    0    
0    0    1    0    0    
0    1    1    0    2    
1    1    0    0    1    
0    3    0    1    0    
0    1    0    0    1    
2    0    0    3    2    
1    0    0    0    1    
0    1    0    1    1    
1    0    0    0    0    
2    1    0    1    0    
0    0    1    1    2    
1    1    1    2    0    
0    0    1    1    0    
0    1    0    0    1    
0    0    2    0    0    
1    1    0    0    1    
0    0    2    0    0    
0    1    0    0    1    
0    2    0    0    1    
0    0    1    2    0    
0    0    0    0    0    
0    0    0    1    0    
0    1    0    0    0    
1    0    0    1    1    
0    0    0    0    0    
0    2    0    1    0    
0    0    1    0    0    
0    0    1    0    0    
0    0    0    0    1    
0    0    0    0    1    
0    0    0    0    0    
0    0    0    0    0    
1    0    2    0    1    
0    0    0    2    0    
0    0    0    0    0    
0    0    0    0    0    
0    0    0    0    0    
0    0    0    0    0    
0    0    0    0    0    
0    0    0    0    0    
0    0    0    0    0    
0    0    0    