.DATE:    1/ 1/2009 Time :00:52:07   FILE :Ba133.txt
ID:\Spectrum ID
Dwell Time :98µs  Sync Pulse :External  Channel Advance :Internal
CHNLS:2048 RT:  600   HWLT:  600   CRLT:  600
0    0    0    0    0    
0    0    0    0    0    
0    0    0    0    0    
0    0    0    0    0    
0    0    0    0    0    
0    2    0    0    1    
1    0    0    0    1    
0    1    0    1    1    
0    0    1    0    0    
0    2    1    2    4    
1    2    0    2    4    
4    13    10    13    12    
13    24    25    32    41    
36    47    60    45    57    
79    73    98    100    91    
124    132    89    133    152    
126    145    144    153    137    
166    163    165    154    165    
169    196    205    170    205    
181    205    201    195    212    
233    215    219    244    254    
258    253    267    263    281    
258    277    309    307    320    
278    284    300    316    299    
318    356    305    330    344    
352    363    368    309    350    
358    371    352    363    365    
321    369    410    406    380    
383    398    386    414    431    
399    418    407    469    420    
426    439    467    455    437    
432    465    430    487    491    
411    453    453    457    461    
455    479    459    458    449    
445    443    469    436    435    
431    444    442    484    498    
443    506    484    437    503    
478    512    451    531    512    
472    530    556    491    505    
539    567    587    569    625    
644    664    651    714    729    
736    645    741    809    805    
824    803    819    904    921    
861    930    974    1006    1023    
979    978    1063    1043    1079    
1126    1139    1109    1093    1164    
1145    1149    1234    1317    1283    
1208    1233    1309    1365    1290    
1374    1354    1467    1454    1386    
1515    1495    1530    1547    1441    
1588    1574    1645    1634    1653    
1670    1675    1749    1751    1827    
1825    1836    1907    1943    2047    
2031    2046    2119    2107    2107    
2230    2244    2272    2281    2288    
2436    2514    2439    2540    2548    
2566    2556    2671    2696    2695    
2700    2737    2676    2728    2725    
2739    2735    2697    2785    2763    
2829    2701    2772    2846    2764    
2880    2858    2906    3051    2992    
2868    3004    3066    3156    3156    
3186    3264    3350    3473    3368    
3543    3665    3599    3805    3836    
3956    4073    4050    4283    4382    
4449    4558    4557    4742    4793    
4793    4858    5042    5164    5179    
5141    5300    5279    5234    5306    
5428    5249    5475    5421    5463    
5320    5398    5346    5288    5278    
5198    5363    5184    5254    5194    
4979    5050    4833    4845    4891    
4770    4624    4643    4495    4443    
4403    4392    4242    4130    4087    
3991    4037    3947    3672    3838    
3713    3515    3577    3329    3374    
3392    3172    3221    3181    3065    
3014    3004    2907    2906    2809    
2797    2726    2658    2670    2573    
2584    2536    2459    2387    2407    
2398    2343    2312    2245    2230    
2250    2237    2248    2103    2106    
2095    1999    2083    2015    2008    
1930    1951    1933    1931    1876    
1881    1844    1788    1821    1750    
1738    1766    1731    1746    1708    
1687    1678    1644    1633    1587    
1644    1514    1518    1530    1472    
1480    1444    1477    1400    1399    
1386    1432    1357    1244    1286    
1337    1236    1214    1206    1178    
1120    1206    1134    1094    1105    
1095    1075    1146    1076    1059    
991    963    967    1011    922    
960    939    877    898    927    
929    877    825    872    852    
860    826    827    807    818    
789    743    750    792    692    
750    757    714    721    719    
692    695    665    671    675    
679    659    603    612    648    
627    609    614    562    616    
554    584    578    579    549    
523    488    538    531    493    
517    497    508    487    505    
458    489    469    451    462    
463    437    460    407    463    
431    459    413    445    436    
391    402    420    427    368    
410    416    370    396    385    
418    396    390    388    379    
380    387    377    378    388    
388    365    413    338    358    
353    335    350    339    340    
346    367    379    336    341    
357    347    327    353    348    
331    335    332    302    343    
321    324    313    335    294    
339    306    296    344    297    
348    306    339    301    319    
328    314    332    322    287    
287    293    319    324    270    
314    314    330    296    309    
300    305    329    283    297    
291    292    274    301    292    
302    284    287    286    288    
270    296    297    269    297    
269    250    280    303    275    
255    273    255    258    241    
266    243    289    280    266    
257    245    266    263    249    
265    219    225    252    227    
266    235    234    222    246    
205    231    208    217    220    
240    225    229    215    234    
249    215    241    244    209    
241    226    235    225    220    
212    204    232    218    215    
194    217    195    203    207    
216    222    209    201    173    
205    188    214    210    228    
188    179    198    191    204    
232    194    179    190    181    
195    184    214    186    206    
184    193    185    189    208    
203    189    208    189    165    
170    180    201    181    204    
175    187    185    165    180    
211    162    160    162    202    
166    184    158    176    180    
170    166    157    164    171    
179    180    185    154    188    
184    162    150    146    179    
160    171    153    145    149    
163    192    134    157    152    
158    143    141    143    132    
142    105    134    123    146    
137    140    144    151    134    
147    139    162    140    174    
149    135    140    104    132    
148    133    155    143    119    
123    125    118    139    115    
114    144    137    139    121    
100    115    109    104    123    
105    113    140    126    129    
108    111    132    105    129    
130    121    100    115    121    
86    140    118    114    111    
112    129    136    113    108    
120    127    115    111    122    
125    103    110    114    105    
134    115    111    120    91    
112    102    107    106    114    
105    126    99    100    119    
109    111    103    99    109    
126    120    107    106    87    
116    99    100    110    106    
90    115    104    117    117    
99    96    94    94    99    
99    106    86    93    87    
118    108    115    93    82    
105    125    99    95    118    
102    112    90    94    94    
89    83    96    88    88    
80    103    102    80    102    
83    86    87    92    91    
82    91    90    94    83    
82    89    88    88    87    
113    86    80    96    89    
81    87    92    86    80    
83    96    75    73    84    
70    77    84    100    81    
76    103    90    72    94    
77    86    87    77    80    
79    98    75    78    69    
88    89    84    87    87    
84    74    97    78    69    
83    82    79    103    61    
79    80    75    92    82    
90    69    80    76    76    
85    87    73    68    76    
90    76    65    67    75    
78    71    79    75    66    
76    75    81    86    78    
76    66    72    73    62    
62    80    74    56    75    
58    63    55    70    77    
72    73    59    63    68    
66    61    67    76    71    
76    77    63    74    87    
74    68    61    56    61    
74    47    67    68    70    
71    69    61    63    55    
54    52    52    68    58    
68    56    74    68    79    
64    69    62    53    66    
65    61    69    72    58    
53    67    73    56    56    
56    81    55    63    46    
51    49    62    65    46    
50    60    47    55    50    
75    55    64    62    69    
57    63    50    55    65    
63    51    67    57    67    
46    63    75    57    52    
44    48    65    61    53    
53    42    66    57    52    
48    52    58    50    36    
54    68    48    50    55    
60    40    52    52    53    
48    43    43    51    48    
40    60    48    47    50    
41    62    47    56    53    
38    44    47    46    47    
44    53    54    53    43    
45    44    46    56    51    
59    38    34    38    30    
51    47    59    36    46    
54    47    45    41    57    
51    49    40    39    46    
41    56    34    40    39    
39    49    37    46    42    
43    39    34    52    46    
47    46    37    39    51    
42    40    46    38    41    
41    52    51    42    47    
54    47    40    33    32    
48    40    44    42    43    
46    40    40    39    38    
33    36    36    44    46    
50    29    38    43    28    
39    42    34    38    32    
37    28    37    30    31    
35    48    32    21    30    
38    35    41    39    30    
53    36    23    33    42    
33    37    38    41    34    
45    42    27    48    30    
35    27    34    32    33    
32    31    40    29    36    
29    40    33    38    37    
37    34    35    35    41    
46    24    37    26    42    
40    38    29    40    27    
34    31    26    42    39    
38    31    38    36    33    
32    30    37    32    41    
30    30    32    28    40    
28    33    27    34    39    
23    31    32    45    31    
28    31    32    30    31    
23    27    43    26    37    
31    30    34    28    29    
27    32    28    29    23    
34    29    34    26    32    
26    38    32    29    33    
35    30    38    24    27    
24    24    41    31    35    
39    34    26    33    25    
28    25    33    35    37    
39    15    25    29    25    
37    29    23    30    28    
26    25    31    30    36    
23    16    30    28    32    
31    26    34    25    31    
31    32    26    26    25    
31    21    31    31    18    
38    19    29    30    29    
23    39    30    25    35    
35    26    23    26    32    
24    26    23    28    26    
27    35    16    32    26    
28    33    25    15    21    
26    19    28    29    33    
27    29    26    31    23    
18    22    23    29    24    
27    26    18    18    24    
14    18    29    21    17    
18    19    29    24    24    
24    22    24    15    26    
29    23    20    23    25    
26    20    22    27    21    
24    21    21    19    19    
18    31    16    23    13    
17    25    16    24    19    
19    19    17    14    18    
13    14    10    25    23    
17    23    26    14    19    
11    15    17    23    22    
17    10    18    24    15    
22    12    16    17    20    
11    15    17    22    25    
17    24    15    22    20    
20    20    15    22    18    
19    21    15    17    24    
22    14    21    28    19    
17    12    19    20    16    
15    14    10    23    13    
13    19    18    11    13    
13    15    16    11    26    
11    20    17    17    18    
17    20    17    15    21    
14    14    10    10    12    
13    17    28    22    18    
19    23    13    16    14    
16    21    19    10    18    
21    25    10    13    12    
19    14    14    14    12    
15    14    15    16    14    
17    15    20    13    13    
13    19    12    12    15    
16    11    10    18    17    
14    15    11    19    20    
15    13    11    17    16    
16    14    14    16    12    
18    10    21    13    21    
15    9    9    9    19    
9    9    18    17    17    
16    14    10    11    12    
12    14    19    6    17    
15    19    15    14    17    
14    11    11    12    14    
24    12    8    12    12    
12    15    17    20    17    
16    16    10    18    10    
7    11    17    19    13    
18    15    9    15    10    
13    9    12    11    16    
12    13    7    12    12    
14    7    16    20    17    
8    12    14    13    15    
15    12    11    11    8    
8    13    13    11    6    
10    10    8    18    19    
9    13    19    14    8    
12    15    15    10    18    
13    11    12    6    9    
14    13    8    8    16    
11    11    9    13    14    
9    10    18    9    9    
11    14    15    11    12    
15    10    8    10    7    
10    10    14    10    15    
11    8    11    14    10    
16    16    8    14    11    
10    14    11    4    14    
14    10    13    11    10    
16    11    10    18    12    
8    14    14    13    5    
8    11    10    11    8    
11    4    10    8    9    
9    10    8    12    13    
15    12    5    11    8    
11    5    12    8    11    
11    4    11    5    11    
5    12    10    7    12    
3    9    8    10    8    
11    6    10    8    18    
6    10    4    4    4    
13    10    12    7    15    
11    6    11    8    10    
8    3    8    13    11    
7    4    3    5    12    
8    14    9    10    9    
8    5    5    10    9    
8    8    8    8    3    
8    10    4    9    3    
11    5    13    9    8    
13    7    4    8    8    
10    10    12    8    11    
5    5    5    10    8    
14    10    4    9    7    
6    11    7    4    13    
7    9    10    8    7    
7    3    10    4    4    
6    6    5    9    9    
8    9    10    8    8    
4    3    2    6    6    
6    8    8    10    4    
8    2    3    3    10    
6    5    8    3    5    
8    7    7    7    7    
6    7    6    5    5    
5    0    0    0    0    
0    0    0    0    0    
0    0    0    0    0    
0    0    0    0    0    
0    0    0    0    0    
0    0    0    0    0    
0    0    0    