.DATE:    1/ 1/2009 Time :02:26:22   FILE :Co.txt
ID:\Spectrum ID
Dwell Time :98µs  Sync Pulse :External  Channel Advance :Internal
CHNLS:2048 RT:  600   HWLT:  600   CRLT:  600
0    0    0    0    0    
0    0    0    0    0    
0    0    0    0    0    
0    1    0    0    0    
0    0    1    0    0    
0    0    0    0    1    
0    0    0    0    1    
0    0    0    0    0    
0    0    2    1    0    
1    1    1    0    2    
2    2    4    7    8    
13    8    12    18    18    
26    24    26    38    36    
32    41    43    56    57    
69    72    87    89    96    
96    121    116    115    130    
133    109    156    142    170    
152    167    174    177    183    
185    174    187    176    193    
176    182    217    175    184    
210    188    170    221    222    
230    226    226    236    243    
216    256    258    246    257    
294    256    278    267    249    
295    315    258    285    295    
313    336    320    320    301    
313    314    299    341    332    
339    363    354    337    359    
390    378    388    416    414    
428    417    419    450    486    
445    442    460    481    473    
476    487    480    498    499    
502    487    433    454    476    
502    473    507    466    487    
435    470    441    480    490    
443    462    433    403    459    
435    464    404    455    410    
409    441    399    422    407    
444    459    454    410    422    
434    448    490    492    463    
491    533    548    502    634    
563    623    631    628    645    
692    699    722    746    691    
784    777    831    859    833    
909    859    904    942    939    
962    925    936    980    1001    
976    1018    996    978    997    
1056    1078    975    1019    1020    
991    1004    1038    976    1012    
1009    987    1009    991    1015    
1004    994    918    922    981    
955    968    1005    987    992    
955    978    996    922    976    
953    928    928    961    937    
964    952    1003    967    1008    
945    972    916    917    911    
916    945    913    960    940    
927    901    934    911    893    
887    883    891    851    932    
865    896    801    899    845    
854    819    844    853    861    
860    857    868    796    863    
808    779    765    895    821    
833    836    859    832    826    
843    827    822    862    872    
826    830    894    863    849    
795    821    842    857    839    
868    843    800    866    802    
848    824    832    830    883    
878    851    802    820    803    
854    804    762    787    790    
793    805    754    754    803    
762    741    807    742    692    
766    754    785    738    760    
797    739    791    797    780    
766    795    683    720    771    
743    738    782    748    801    
775    748    773    798    766    
800    726    785    804    746    
709    756    760    718    770    
761    799    785    722    762    
767    718    742    755    756    
749    789    756    721    764    
733    764    770    808    770    
753    772    792    759    753    
756    786    713    747    798    
738    765    798    802    761    
745    796    812    736    760    
771    758    740    772    743    
758    744    798    725    767    
788    823    811    743    802    
746    807    756    801    767    
758    778    777    794    809    
794    802    759    804    774    
779    808    822    786    802    
801    836    756    821    773    
819    790    772    818    793    
817    765    779    766    760    
751    820    805    766    792    
717    702    796    775    787    
837    834    770    826    802    
803    806    735    770    798    
748    799    797    796    796    
813    790    780    823    780    
810    801    780    817    786    
770    775    748    790    783    
735    795    892    829    836    
781    820    833    779    776    
788    822    816    782    821    
809    783    820    835    865    
825    815    777    787    790    
803    810    839    807    829    
875    815    857    896    819    
917    808    851    801    809    
829    852    833    840    781    
826    833    811    881    814    
839    804    913    830    818    
848    838    910    847    847    
850    865    839    821    834    
824    848    814    826    848    
791    791    871    812    888    
824    773    812    811    871    
881    800    865    839    804    
826    847    825    807    801    
866    744    815    859    837    
830    800    821    781    831    
837    814    797    810    813    
839    819    858    828    852    
788    833    811    835    822    
814    816    808    847    821    
825    843    876    833    848    
829    781    827    802    799    
855    826    814    802    847    
821    817    825    803    906    
808    853    792    785    834    
879    832    917    810    862    
858    874    852    881    869    
871    862    902    836    918    
864    856    883    893    860    
859    906    862    841    871    
873    864    830    825    854    
831    858    860    837    923    
919    841    862    912    839    
904    883    865    887    861    
915    894    901    915    906    
885    913    945    933    879    
863    918    858    871    831    
921    889    885    912    887    
894    894    869    901    890    
964    896    903    896    888    
985    898    945    870    973    
891    872    935    945    904    
923    917    944    889    834    
889    874    962    1025    911    
919    950    896    914    906    
942    904    899    951    955    
897    891    904    940    877    
877    886    874    979    908    
874    893    930    848    869    
917    855    854    845    892    
830    840    845    837    838    
836    852    882    851    813    
857    830    822    840    808    
801    852    756    849    847    
824    779    767    799    813    
797    774    814    761    786    
784    751    795    753    776    
700    778    687    749    781    
751    770    777    714    758    
740    725    731    688    684    
679    711    761    722    698    
725    747    726    733    669    
723    704    673    649    675    
665    683    788    694    705    
684    700    703    692    692    
679    671    672    664    663    
685    648    665    677    665    
631    696    657    640    674    
603    588    665    612    633    
615    649    623    657    637    
620    646    612    583    606    
631    624    579    612    649    
643    620    639    596    605    
622    615    633    626    633    
585    606    584    622    593    
592    593    576    636    612    
592    601    600    638    660    
636    630    598    627    623    
636    643    603    659    701    
646    681    667    693    705    
658    708    714    712    686    
765    733    798    761    750    
791    794    813    797    812    
793    836    814    942    822    
900    869    838    843    895    
953    961    971    1002    923    
977    976    1024    991    985    
1112    1039    1067    996    1121    
1066    1062    1094    1099    1090    
1181    1169    1100    1160    1195    
1134    1161    1186    1126    1141    
1169    1150    1147    1149    1105    
1169    1173    1088    1181    1209    
1135    1131    1121    1133    1146    
1150    1065    1145    1118    1120    
1130    1090    1128    1137    1102    
1055    1032    1046    1103    1022    
1001    1034    1024    964    995    
983    1003    953    981    988    
921    964    950    934    899    
872    867    895    853    911    
866    897    840    828    860    
818    792    821    833    816    
796    854    809    791    831    
804    787    768    756    821    
791    752    786    748    724    
762    790    757    832    809    
786    800    762    782    724    
813    810    779    817    826    
822    835    837    832    903    
837    832    867    830    921    
845    911    868    915    890    
912    911    863    915    976    
970    929    975    849    907    
905    951    948    996    948    
947    987    971    957    968    
987    999    991    1003    1030    
991    974    969    942    987    
968    977    994    994    988    
978    1006    1006    976    946    
962    1008    959    944    893    
928    1013    951    865    970    
865    929    936    911    893    
926    881    870    852    841    
781    871    808    804    818    
758    833    775    788    792    
755    765    679    774    726    
662    717    703    671    661    
721    669    610    637    668    
630    563    572    596    537    
563    585    620    526    568    
572    505    570    541    484    
529    501    487    506    457    
477    428    458    454    412    
443    441    413    414    412    
405    419    410    393    380    
399    383    364    378    357    
355    348    319    318    315    
336    326    330    338    305    
328    308    278    318    289    
304    257    299    266    275    
263    257    271    275    265    
246    265    229    263    250    
202    240    251    239    234    
223    212    229    208    217    
224    209    191    222    222    
213    211    220    195    188    
194    189    205    157    181    
201    172    178    176    185    
172    208    186    166    132    
169    160    147    178    150    
183    177    178    180    172    
155    143    157    169    145    
140    136    156    143    156    
161    143    134    124    120    
124    131    126    144    137    
134    118    123    127    124    
119    125    143    119    120    
124    98    131    87    115    
120    115    120    100    102    
100    113    112    115    99    
114    108    107    113    95    
103    79    104    93    91    
89    99    109    89    101    
102    68    95    93    96    
106    69    77    89    83    
94    84    76    85    70    
86    84    59    80    88    
92    83    80    76    59    
71    86    73    81    78    
78    61    58    78    85    
86    71    75    71    64    
66    62    81    66    80    
64    61    58    64    68    
65    65    59    63    67    
69    56    78    64    75    
56    63    65    60    56    
56    64    63    49    68    
64    56    58    45    63    
58    52    60    44    59    
49    51    50    47    50    
55    70    60    53    55    
61    68    56    57    69    
52    50    65    51    64    
49    42    55    48    54    
58    45    50    51    38    
67    40    67    65    51    
51    45    40    54    49    
62    51    57    51    41    
65    49    53    50    50    
50    55    44    62    45    
63    54    53    58    50    
46    40    32    46    49    
48    50    45    48    42    
58    50    50    46    40    
44    53    65    48    42    
47    73    61    52    44    
45    49    62    62    59    
41    52    46    42    49    
48    51    48    48    51    
41    32    50    41    46    
45    41    51    44    36    
43    45    52    45    46    
52    50    44    39    37    
41    38    42    36    52    
50    35    54    45    31    
51    38    57    45    57    
40    42    35    41    49    
53    48    33    37    49    
61    49    33    42    51    
49    57    39    45    41    
53    54    45    58    42    
37    32    33    40    35    
47    43    51    53    47    
54    45    33    50    36    
51    30    50    44    30    
43    42    36    33    39    
48    42    39    40    36    
48    52    37    40    37    
38    49    44    39    36    
47    48    49    49    46    
44    41    51    48    33    
38    39    42    37    32    
34    31    34    41    38    
39    28    38    39    30    
39    40    43    41    37    
30    39    29    41    42    
44    34    41    36    36    
32    44    49    36    39    
39    31    41    48    44    
32    41    33    37    31    
42    41    30    37    30    
33    37    42    40    46    
36    36    25    38    37    
39    43    45    27    37    
28    38    29    35    46    
31    33    41    48    43    
42    37    49    31    48    
39    24    37    39    37    
31    32    41    35    32    
40    39    33    43    36    
37    28    28    40    28    
45    39    30    41    41    
29    32    28    36    42    
41    35    39    45    31    
34    38    33    34    47    
31    28    38    40    51    
40    43    38    44    49    
38    40    32    44    36    
37    32    48    41    41    
42    34    32    41    34    
31    36    32    44    33    
42    33    40    35    38    
41    40    32    47    35    
39    44    33    42    27    
38    39    46    39    43    
46    41    31    37    37    
25    36    33    37    35    
34    39    44    40    31    
33    47    38    33    41    
41    29    39    48    34    
48    39    33    46    42    
30    33    43    31    40    
40    40    38    30    31    
26    34    32    25    35    
37    38    40    35    26    
25    39    38    29    37    
36    43    39    29    36    
43    47    32    35    28    
38    24    25    37    28    
31    37    33    37    23    
33    36    41    34    31    
37    34    41    35    29    
41    31    27    42    31    
36    24    18    31    23    
31    31    26    35    36    
20    28    34    30    39    
33    19    28    35    25    
24    26    22    28    28    
20    20    29    29    19    
17    18    24    32    29    
25    22    27    19    18    
20    20    23    23    23    
20    21    23    23    25    
23    23    17    24    26    
18    27    18    18    21    
15    21    17    23    15    
18    14    17    19    18    
13    16    25    14    13    
19    19    11    10    12    
23    18    8    24    20    
13    17    18    18    21    
20    15    12    19    16    
15    0    0    0    0    
0    0    0    0    0    
0    0    0    0    0    
0    0    0    0    0    
0    0    0    0    0    
0    0    0    0    0    
0    0    0    