.DATE:    1/ 1/2009 Time :00:40:06   FILE :cs137.txt
ID:\Spectrum ID
Dwell Time :98µs  Sync Pulse :External  Channel Advance :Internal
CHNLS:2048 RT:  600   HWLT:  600   CRLT:  600
0    0    0    0    0    
0    0    0    0    0    
1    0    0    2    0    
1    0    0    0    0    
0    0    0    0    0    
0    0    0    1    0    
0    0    2    1    0    
2    1    0    0    1    
2    2    0    1    1    
1    0    1    2    3    
2    5    3    8    12    
6    11    13    14    21    
17    25    26    34    38    
36    46    66    65    73    
72    77    92    92    88    
85    116    110    106    118    
133    121    141    133    127    
135    158    162    161    165    
208    158    187    206    194    
225    214    214    230    236    
244    222    237    238    298    
288    285    296    325    328    
322    321    378    370    379    
367    333    372    389    356    
408    367    413    396    399    
401    388    406    425    388    
453    444    460    472    408    
434    437    432    460    439    
474    461    496    508    509    
470    497    456    491    501    
528    494    500    560    482    
487    505    544    571    499    
496    486    497    527    498    
492    503    536    523    542    
530    537    534    516    523    
556    527    573    542    558    
523    574    585    624    641    
608    628    632    677    744    
810    857    949    992    1110    
1161    1323    1422    1658    1744    
1879    2030    2126    2374    2547    
2664    2928    3048    3262    3480    
3671    3716    4125    4264    4523    
4712    4865    5141    5261    5477    
5750    5827    5925    6088    6133    
6342    6344    6538    6677    6764    
6836    6956    7050    7187    7236    
7322    7242    7234    7424    7255    
7519    7400    7425    7578    7642    
7498    7613    7757    7678    7715    
7650    7852    7956    7804    7826    
7860    7935    7710    7841    7828    
7902    7984    7960    7897    8103    
7873    8117    8105    8110    8082    
8194    8211    8224    8165    8131    
8259    8059    8260    8343    8078    
8346    8441    8267    8314    8356    
8356    8468    8443    8477    8309    
8520    8247    8302    8336    8410    
8476    8336    8404    8621    8446    
8490    8633    8628    8537    8597    
8700    8575    8521    8700    8815    
8695    8703    8594    8696    8623    
8858    8779    8894    8828    8764    
8810    8860    8864    8813    8895    
8948    8967    9029    8828    8860    
9006    9048    8779    8809    9042    
8994    9089    8985    9224    9199    
9091    9085    9219    9025    9072    
9103    9281    9021    9147    9277    
9270    9259    9159    9031    9315    
9190    9348    9176    9367    9263    
9397    9294    9405    9419    9352    
9442    9298    9434    9476    9548    
9389    9758    9623    9566    9511    
9776    9689    9563    9747    9581    
9610    9514    9696    9787    9773    
9831    9761    9718    9911    9946    
9850    9947    9819    9645    9756    
9679    9903    9912    9870    9707    
10038    9503    9679    9637    9808    
9664    9619    9462    9441    9619    
9403    9405    9463    9294    9330    
9290    9155    9195    9014    9126    
8943    8971    8842    8698    8719    
8516    8459    8385    8316    8170    
8104    8008    7924    7852    7762    
7757    7609    7414    7346    7370    
7424    7168    6969    6966    6910    
6668    6836    6638    6461    6318    
6251    6397    6181    6001    5977    
5820    5808    5741    5711    5600    
5516    5373    5341    5276    5211    
5117    5163    5127    4958    4947    
5029    4896    4778    4810    4797    
4631    4527    4491    4473    4350    
4278    4408    4200    4287    4116    
4152    4084    4162    4091    3946    
3917    3939    3768    3753    3812    
3844    3697    3636    3768    3542    
3571    3582    3565    3551    3451    
3446    3359    3451    3393    3402    
3372    3421    3301    3212    3370    
3379    3163    3286    3262    3315    
3235    3142    3123    3268    3219    
3269    3254    3203    3329    3264    
3284    3389    3311    3405    3298    
3441    3467    3580    3624    3728    
3578    3701    3742    3901    3886    
3996    4155    4194    4339    4412    
4635    4793    4786    4977    5157    
5286    5431    5692    5897    6123    
6159    6551    6788    6941    7295    
7456    7947    8285    8552    8930    
9110    9643    10088    10460    10813    
11538    11682    12368    12861    13397    
13823    14337    14862    15574    15991    
16792    17242    17883    18613    19236    
19791    20233    21119    21722    22526    
22976    23507    24516    24728    25681    
26105    26847    27254    28200    28543    
29064    30270    30532    31064    31292    
31864    32400    32698    33070    33502    
33828    34186    34187    34586    34634    
34972    35536    35388    35392    35476    
35352    35579    35814    35113    35487    
34958    35041    35026    34835    34581    
34601    33871    33648    33447    32946    
32252    32511    31789    31326    30904    
30557    30217    29973    29238    28942    
28101    27673    27507    26909    26455    
25974    25289    25073    24450    24207    
23619    23384    22728    22435    21758    
21443    20920    20583    20008    19750    
19292    18942    18392    18000    17617    
17234    17093    16334    16314    16015    
15612    15301    15223    14767    14362    
13985    13839    13342    13403    13131    
13008    12662    12412    12142    11862    
11722    11326    11464    11019    10870    
10541    10623    10351    10148    9932    
9966    9715    9473    9470    9234    
9218    8792    8626    8688    8544    
8333    8278    7940    7790    7855    
7826    7700    7359    7393    7181    
7153    7101    6740    6816    6623    
6439    6525    6323    6216    6232    
6093    5816    5889    5861    5717    
5456    5511    5343    5277    5162    
5076    5036    4816    4722    4666    
4568    4491    4493    4356    4342    
4150    4063    4002    3815    3781    
3745    3553    3609    3481    3287    
3287    3320    3191    3089    3068    
3016    2966    2814    2778    2688    
2671    2637    2547    2401    2464    
2329    2245    2239    2144    2122    
2155    2053    2008    1933    1851    
1830    1780    1803    1687    1680    
1613    1578    1579    1501    1476    
1429    1440    1379    1322    1363    
1279    1231    1222    1210    1135    
1139    1174    1102    1113    1042    
1038    1039    1023    1036    931    
919    882    917    859    868    
906    848    816    771    823    
785    757    756    712    730    
747    670    700    679    689    
696    652    609    639    614    
572    561    604    574    558    
570    573    525    516    521    
500    508    503    481    464    
517    494    472    462    436    
438    418    454    435    435    
399    399    414    413    356    
386    388    337    362    327    
383    373    350    336    345    
324    339    354    352    314    
346    294    320    307    311    
316    317    272    273    331    
265    264    291    285    283    
269    302    293    297    249    
251    260    251    254    254    
244    256    236    272    238    
246    251    259    249    250    
211    253    248    223    225    
196    246    216    181    218    
207    230    220    216    198    
223    210    202    227    200    
220    191    220    197    179    
198    187    204    200    192    
192    195    199    193    187    
190    182    171    189    217    
190    160    175    166    188    
166    182    182    188    196    
170    169    168    157    197    
176    159    155    174    175    
168    171    176    147    154    
140    175    154    157    174    
140    168    162    158    165    
165    144    164    131    160    
165    164    155    152    159    
146    143    159    151    136    
123    139    135    140    146    
116    155    148    138    139    
148    122    150    125    122    
152    138    138    128    155    
134    134    141    122    118    
141    123    116    115    115    
115    117    140    115    125    
127    111    118    120    136    
111    117    114    113    99    
109    116    109    116    113    
118    131    122    96    112    
105    110    104    100    111    
99    124    98    99    116    
103    104    101    104    89    
114    102    81    99    92    
119    104    94    100    97    
96    104    83    90    94    
101    85    82    100    83    
94    93    78    96    79    
77    92    97    90    84    
78    79    86    95    65    
80    71    84    81    86    
92    90    86    86    75    
86    88    80    105    77    
75    86    86    85    70    
95    90    78    80    87    
92    98    85    97    67    
82    94    73    76    63    
84    74    80    71    80    
80    82    89    77    74    
65    85    90    91    80    
90    62    91    87    93    
85    71    84    93    81    
90    89    79    87    82    
70    84    70    89    96    
78    80    84    77    72    
77    82    83    85    77    
80    88    67    71    73    
97    92    79    79    73    
80    80    85    76    83    
81    68    89    65    86    
81    71    78    93    90    
79    98    69    85    81    
68    85    71    80    73    
69    68    64    61    69    
81    69    85    79    97    
68    80    79    69    72    
62    70    69    80    75    
72    76    70    70    82    
82    80    72    75    75    
67    69    47    71    66    
58    61    61    65    62    
59    62    64    57    53    
64    50    48    50    57    
43    48    65    48    41    
57    68    41    55    56    
48    60    61    48    40    
34    47    48    60    46    
49    45    51    35    46    
46    36    42    49    36    
36    44    47    43    43    
33    31    39    54    38    
39    37    34    38    26    
43    40    38    32    36    
29    33    33    30    29    
36    28    34    20    29    
42    39    33    39    32    
33    26    27    28    23    
32    34    22    26    29    
34    32    23    29    21    
26    27    23    26    22    
29    29    26    22    20    
26    31    31    22    28    
18    25    33    25    19    
28    16    24    21    21    
23    28    23    23    21    
23    22    28    20    14    
23    23    29    24    21    
25    20    18    21    24    
16    20    30    22    16    
20    21    24    26    19    
21    15    18    18    16    
12    16    10    18    15    
16    16    10    25    17    
23    18    15    18    18    
23    9    18    13    19    
15    22    22    16    13    
17    14    17    18    18    
18    16    16    17    12    
18    11    21    19    12    
10    13    17    13    19    
19    10    16    17    15    
20    17    15    22    19    
19    14    16    15    20    
10    13    14    14    13    
17    15    13    14    17    
13    13    14    9    21    
18    15    14    14    14    
10    7    14    5    18    
14    10    11    9    13    
17    14    16    9    9    
12    17    10    17    12    
18    11    12    9    6    
20    15    8    13    10    
9    15    13    12    14    
12    21    12    10    12    
14    15    10    14    6    
15    11    13    9    16    
11    4    14    19    8    
7    14    4    17    13    
9    11    10    12    14    
9    7    10    6    20    
10    13    13    12    11    
9    11    17    10    18    
17    13    8    16    13    
6    9    10    5    8    
10    8    13    9    11    
8    8    15    14    17    
15    12    9    5    6    
9    7    8    6    13    
8    8    14    6    12    
9    8    12    7    7    
8    13    17    7    7    
13    7    8    6    7    
10    10    8    10    9    
6    12    6    8    12    
6    7    9    9    12    
8    10    11    8    13    
7    11    11    12    3    
12    8    11    6    6    
8    6    8    5    13    
7    9    7    11    8    
7    8    11    5    6    
11    8    9    8    11    
6    12    3    6    6    
8    14    9    5    11    
9    10    4    5    12    
4    5    6    8    4    
6    10    10    6    5    
3    7    11    11    13    
12    10    19    8    8    
11    6    9    5    11    
5    11    9    6    9    
6    4    13    8    5    
7    7    6    6    4    
8    5    7    6    6    
7    7    7    6    7    
8    7    8    8    6    
8    5    5    8    9    
13    6    10    4    10    
7    5    6    8    9    
14    4    5    5    11    
11    11    5    5    7    
9    8    8    4    8    
12    12    5    6    7    
6    10    7    5    6    
10    5    5    8    11    
7    7    6    8    5    
9    11    5    7    5    
13    4    8    7    6    
5    4    6    6    4    
11    8    6    3    3    
7    7    6    8    4    
8    4    10    8    9    
6    6    5    5    4    
6    5    3    6    1    
5    5    6    6    5    
7    2    7    8    10    
8    6    2    7    5    
7    10    3    6    8    
8    12    7    4    4    
10    3    4    7    5    
3    7    9    5    5    
6    3    7    5    6    
4    3    0    7    9    
9    9    7    2    8    
4    4    6    6    9    
4    6    6    9    4    
4    9    3    3    4    
5    5    5    8    2    
8    0    3    7    3    
5    6    3    2    8    
7    6    3    3    5    
5    2    2    1    5    
2    5    2    6    5    
5    5    5    4    5    
2    5    4    2    4    
2    1    7    8    4    
7    5    4    4    0    
3    4    4    0    1    
4    4    5    1    4    
2    5    8    5    3    
8    3    3    4    7    
3    8    4    4    4    
2    8    5    2    2    
6    5    1    7    4    
4    3    4    2    7    
4    5    5    4    3    
0    7    3    0    5    
2    5    4    8    2    
4    0    0    0    0    
0    0    0    0    0    
0    0    0    0    0    
0    0    0    0    0    
0    0    0    0    0    
0    0    0    0    0    
0    0    0    